timestamps:
  login: 1667412891204
  logout: 1667413070004
ipAddress: 127.0.0.1
lastlocation:
  world: world
  x: -1276.0
  y: 65.0
  z: 1544.0
  yaw: 0.0
  pitch: 0.0
logoutlocation:
  world: world
  x: -3361.726047864809
  y: 59.78740468408867
  z: -1131.0709995605225
  yaw: -57.60002
  pitch: 7.200009
