timestamps:
  login: 1667399356605
  logout: 1667399389954
ipAddress: 127.0.0.1
lastlocation:
  world: world
  x: -1270.5
  y: 31.0
  z: 1536.5
  yaw: 0.0
  pitch: 0.0
logoutlocation:
  world: world
  x: -3499.9553989954916
  y: 54.21748484583112
  z: -1018.1522556302893
  yaw: 166.50006
  pitch: 1.3499943
