timestamps:
  login: 1667526424329
  logout: 1667526854378
ipAddress: 127.0.0.1
lastlocation:
  world: world
  x: -1276.0
  y: 65.0
  z: 1544.0
  yaw: 0.0
  pitch: 0.0
logoutlocation:
  world: world
  x: -6012.195716526511
  y: 39.0
  z: 724.6999999880791
  yaw: 102.15024
  pitch: 17.699993
