timestamps:
  login: 1667397649905
  logout: 1667397869954
ipAddress: 127.0.0.1
lastlocation:
  world: world
  x: -1281.5
  y: 31.0
  z: 1536.5
  yaw: 0.0
  pitch: 0.0
logoutlocation:
  world: world
  x: -1275.469920568088
  y: 63.5
  z: 1539.851022477534
  yaw: 182.55002
  pitch: 5.5500007
