timestamps:
  login: 1675981456737
  logout: 1675981480677
ipAddress: 127.0.0.1
lastlocation:
  world: world
  x: -1276.0
  y: 65.0
  z: 1544.0
  yaw: 0.0
  pitch: 0.0
logoutlocation:
  world: world
  x: -6995.024204244466
  y: 60.80857129304253
  z: -1002.7321247496017
  yaw: -107.40008
  pitch: -0.15000606
