timestamps:
  login: 1668128961101
  logout: 1668128969398
ipAddress: 127.0.0.1
lastlocation:
  world: world
  x: -1276.0
  y: 65.0
  z: 1544.0
  yaw: 0.0
  pitch: 0.0
logoutlocation:
  world: world
  x: -1275.5
  y: 65.0
  z: 1544.5
  yaw: 3.7500002
  pitch: 4.6500006
