timestamps:
  login: 1667493373171
  logout: 1667493402570
ipAddress: 127.0.0.1
lastlocation:
  world: world
  x: -3749.5
  y: 36.0
  z: -699.5
  yaw: 167.85004
  pitch: 14.999996
logoutlocation:
  world: world
  x: -1276.6452168614353
  y: 64.0
  z: 1545.7725970290392
  yaw: 216.15002
  pitch: -16.95
