timestamps:
  login: 1676312134186
  logout: 1676312697285
ipAddress: 127.0.0.1
lastlocation:
  world: world
  x: -1276.0
  y: 65.0
  z: 1544.0
  yaw: 0.0
  pitch: 0.0
logoutlocation:
  world: world
  x: -1277.1038163784003
  y: 64.0
  z: 1545.8561028660652
  yaw: -50.400085
  pitch: 38.549995
