timestamps:
  login: 1667410680105
  logout: 1667410785004
ipAddress: 127.0.0.1
lastlocation:
  world: world
  x: -1278.5
  y: 67.0
  z: 1537.5
  yaw: 0.0
  pitch: 0.0
logoutlocation:
  world: world
  x: -4893.979579650966
  y: 72.0
  z: -632.9370004554435
  yaw: -129.75003
  pitch: 17.099993
