timestamps:
  login: 1667406419361
  logout: 1667406615004
ipAddress: 127.0.0.1
lastlocation:
  world: world
  x: -1280.5
  y: 69.0
  z: 1543.5
  yaw: 0.0
  pitch: 0.0
logoutlocation:
  world: world
  x: -4482.699999988079
  y: 73.0
  z: -1165.3938158128854
  yaw: -265.65
  pitch: 24.449995
