timestamps:
  login: 1667395978455
  logout: 1667396022454
ipAddress: 127.0.0.1
logoutlocation:
  world: world
  x: -1273.4983034058412
  y: 63.0
  z: 1547.512877681818
  yaw: -1.6500001
  pitch: 17.850002
lastlocation:
  world: world
  x: -4128.291937886214
  y: 47.0
  z: -76.55304006466902
  yaw: -152.10005
  pitch: 2.2499936
