timestamps:
  login: 1667425140198
  logout: 1667425379497
ipAddress: 127.0.0.1
lastlocation:
  world: world
  x: -1276.0
  y: 65.0
  z: 1544.0
  yaw: 0.0
  pitch: 0.0
logoutlocation:
  world: world
  x: -4411.4175885487675
  y: 61.0
  z: -1342.4075658621553
  yaw: 297.75006
  pitch: 23.399994
