timestamps:
  login: 1667409104255
  logout: 1667409202504
ipAddress: 127.0.0.1
lastlocation:
  world: world
  x: -1276.0
  y: 65.0
  z: 1544.0
  yaw: 0.0
  pitch: 0.0
logoutlocation:
  world: world
  x: -4353.676790292467
  y: 63.0
  z: -600.6873358258067
  yaw: -271.2
  pitch: -3.0000002
