timestamps:
  login: 1667494921273
  logout: 1667494936922
  lastteleport: 1667494292682
ipAddress: 127.0.0.1
lastlocation:
  world: world
  x: -1275.9894460903893
  y: 65.0
  z: 1544.624118691029
  yaw: -2.1000001
  pitch: 1.6500001
logoutlocation:
  world: world
  x: -1276.0
  y: 65.0
  z: 1544.0
  yaw: 0.0
  pitch: 0.0
homes:
  home:
    world: world
    x: -5329.699999988079
    y: 70.0
    z: -1111.4926470857222
    yaw: -30.6
    pitch: 18.900002
