timestamps:
  login: 1670982662349
  logout: 1670983014736
ipAddress: 127.0.0.1
lastlocation:
  world: world
  x: -1301.7153075969006
  y: 31.0
  z: 1543.8291171515148
  yaw: 196.05002
  pitch: 78.45
logoutlocation:
  world: world
  x: -4245.459666235018
  y: 44.0
  z: 49.78444456596532
  yaw: -235.80002
  pitch: 40.949997
